Room Number,Fleet,Ship,Bus,Guest
819200,1,1,1,4
18432000,1,1,4,5
11059200,1,1,2,9
6553600,1,1,3,4
2764800,1,1,2,4
3276800,1,1,1,9
4608000,1,1,4,2
25088000,1,1,4,6
2654208,1,1,1,8
4194304,1,1,3,3
26214400,1,1,3,9
32768000,1,1,4,7
294912,1,1,1,2
3981312,1,1,2,5
8192000,1,1,4,3
5419008,1,1,2,6
16777216,1,1,3,7
56623104,1,1,5,7
51200000,1,1,4,9
5619712,1,1,6,1
2048000,1,1,4,1
35123200,1,1,6,4
61952000,1,1,4,10
8388608,1,1,7,1
31719424,1,1,3,10
209715200,1,1,7,9
7962624,1,1,5,2
52428800,1,1,7,4
3964928,1,1,1,10
50577408,1,1,6,5
995328,1,1,2,2
147456000,1,1,9,5
1605632,1,1,1,6
169869312,1,1,7,8
13381632,1,1,2,10
140492800,1,1,6,9
12800000,1,1,4,4
33554432,1,1,7,3
88473600,1,1,5,9
74649600,1,1,8,4
41472000,1,1,4,8
262144000,1,1,9,7
107495424,1,1,8,5
3538944,1,1,5,1
298598400,1,1,8,9
134217728,1,1,7,7
1179648,1,1,1,5
200704000,1,1,9,6
36864000,1,1,9,2
146313216,1,1,8,6
2097152,1,1,1,7
65536000,1,1,9,3
22478848,1,1,6,3
8957952,1,1,2,8
136294400,1,1,10,4
107053056,1,1,5,10
12644352,1,1,6,2
22118400,1,1,5,4
26873856,1,1,8,2
102760448,1,1,7,6
12845056,1,1,3,6
21233664,1,1,3,8
441593856,1,1,10,8
409600000,1,1,9,9
442368,1,1,2,1
361304064,1,1,8,10
495616000,1,1,9,10
43352064,1,1,5,6
131072,1,1,1,1
73,1,1,1,1
1769472,1,1,2,3
113799168,1,1,6,8
1048576,1,1,3,1
14155776,1,1,5,3
68841472,1,1,6,6
71663616,1,1,5,8
87228416,1,1,10,3
348913664,1,1,10,7
18874368,1,1,7,2
9437184,1,1,3,5
545177600,1,1,10,9
267137024,1,1,10,6
524288,1,1,1,3
7077888,1,1,2,7
75497472,1,1,7,5
89915392,1,1,6,7
169996288,1,1,6,10
2359296,1,1,3,2
31850496,1,1,5,5
16384000,1,1,9,1
659664896,1,1,10,10
241864704,1,1,8,8
21807104,1,1,10,1
102400000,1,1,9,4
331776000,1,1,9,8
11943936,1,1,8,1
196263936,1,1,10,5
47775744,1,1,8,3
191102976,1,1,8,7
49065984,1,1,10,2
253755392,1,1,7,10
